DIMENSIONS REGION Height: 3 x Length: 4
Has solution? True
 7  3  6  4 |  2  8 10  9 |  5 11 12  1 
 9 10  1  5 |  3 12 11  6 |  2  4  7  8 
 8 12 11  2 |  7  1  4  5 |  6 10  3  9 
------------·-------------·------------
 4 11  9  8 |  6  5 12  2 |  7  3  1 10 
10  2  5  7 |  9  3  1  8 | 12  6 11  4 
 1  6  3 12 |  4 10  7 11 |  8  9  5  2 
------------·-------------·------------
 3  4  8  1 | 10  9  2 12 | 11  5  6  7 
12  9  2  6 | 11  4  5  7 |  1  8 10  3 
11  5  7 10 |  1  6  8  3 |  9  2  4 12 
------------·-------------·------------
 2  1 12  9 |  5 11  3  4 | 10  7  8  6 
 6  8  4 11 | 12  7  9 10 |  3  1  2  5 
 5  7 10  3 |  8  2  6  1 |  4 12  9 11 
